40
1 0 7 5860
2 2 11 4876
3 3 13 4030
4 3 7 620
5 4 8 6050
6 5 9 11000
7 6 13 14208
8 6 3 680
9 7 16 3950
10 7 19 6000
11 10 6 710
12 10 8 400
13 11 7 9800
14 13 11 3900
15 13 12 5500
16 15 21 4850
17 15 16 10200
18 17 4 14200
19 17 9 2300
20 18 5 2505
21 18 7 660
22 19 26 2920
23 20 13 6580
24 20 11 7904
25 21 10 12050
26 22 6 4300
27 23 17 8000
28 24 8 1850
29 25 5 2705
30 26 9 450
31 27 14 5500
32 28 18 3000
33 29 9 6540
34 30 8 3710
35 30 20 8890
36 31 24 6750
37 32 2 310
38 33 13 840
39 34 9 4710
40 36 11 8390